99
2525 1
2400 5
300 2
120 60
60 90
708549634 1
474281210 5450
163189457 1
21431902 2637
317968905 1
295978367 9186
810204931 1
66464741 3360
940262114 1
930977491 2217
281324712 1
148809689 5394
293969452 1
61928099 41
649846694 1
340924413 3020
900696240 1
826052258 4654
954861845 1
184439096 1003
942711203 1
440381162 8294
549022376 1
53009199 6460
1000000000 1
999999999 10000
936520899 1
651690795 1505
742516856 1
307073489 2473
193896601 1
182180122 3045
52270304 1
37816556 9525
2 1
1 10000
937063238 1
18689569 5332
29283266 1
772783 7068
878674039 1
806721612 9213
1000000000 2
100 10000
200 10000
666872280 1
255941754 3639
36440090 1
13929929 52
10054470 1
2517821 4144
429395072 1
147387121 4551
332985631 1
329941713 368
1000000000 1
1 1
188892022 1
23574848 1358
1000000000 2
999999998 3
999999999 2
221288839 1
98488658 3163
822961632 1
821027878 9302
314972586 1
296528830 3841
1000000000 2
999999996 3
999999997 2
135245591 1
88360711 6511
317464756 1
90335965 5835
703092165 1
598410772 3178
702784817 1
154002083 3980
353436805 1
176441386 8670
812432690 1
226513717 5091
944647330 2
165884100 4215
3998444 7565
330534575 1
88065608 4101
791768145 1
616831273 517
622815644 1
193583897 2112
97129733 1
68994824 8887
1000000000 2
2 2
1 3
648124878 1
400253283 7122
1000000000 1
1 10000
1000000000 2
999000000 1
998000000 1
953701426 1
808179967 8173
757599370 1
383773173 4187
798423233 1
467353312 5349
329098013 1
26716761 456
915360780 1
420676409 1588
460317802 1
234268763 8132
76404057 1
39131378 2050
630653033 1
289599424 383
866167604 1
841523502 3663
624281998 1
90150788 1745
1000000000 2
999999998 2
999999997 3
200000 2
5000 2
5001 1
631889096 1
518081111 894
819241742 1
680159125 5856
2 1
1 1
274866367 1
198884940 2584
790107733 1
698372295 2731
704543804 1
423860666 3797
335284543 1
44644542 8380
702468571 1
698090165 258
650665378 1
453106268 464
524573478 1
493417561 6365
1000000000 1
999999999 1
1000000000 2
12345675 3
12345676 2
615813751 1
475243837 4447
152613444 1
18164264 6962
338932086 1
137053075 6349
912727018 1
168074885 6624
367878315 1
364125403 4693
275709834 1
120566647 3413
785755137 1
269698517 803
909405105 1
203549512 5192
567347469 1
260834968 8707
851424493 1
494442180 2578
63078736 1
54966787 4852
208446071 1
85256656 7459
147138528 1
39977639 9968
617895948 1
137103284 931
647418666 1
617829787 698
965831200 1
749921613 1033
67501507 1
53540337 1962
975444638 1
934091246 346
983694787 1
250010427 9212
82951910 2
38508657 6954
6628024 7454
1000000000 2
999000000 10000
998000000 10000
821695704 1
701072884 1330
856815014 1
451207224 9468
389387164 1
261047014 9303
