100
320134946 235603638
491620034 875283614
563049975 260852452
568492039 606519985
144090488 874332931
665188996 213845664
739733654 412556737
161364703 630033023
970965282 842491477
319951712 894253454
405214004 589896636
257401912 188541910
251900997 644956665
340748676 740733656
504494256 848641292
846870630 481714232
387240984 946838890
547715231 723295674
767453074 196618228
709803884 746578288
936133482 137955034
532805154 390934555
686076167 516602515
473217467 490549245
559961579 624562985
254655699 504011841
432407940 507198062
298150655 309328136
570867738 153861915
909471107 812470650
444720001 783105495
978031442 737534012
275770682 405325603
245934238 919812520
914453207 807861392
336835936 991597101
596821233 140068533
550894117 454978545
814380728 211877171
899929489 956057479
836624789 549579680
381625140 457662239
671480660 589732153
441831061 321820857
145270928 118321689
789650686 804840101
385484250 977446607
675111751 648384846
990619993 121241167
486634650 950736661
157853238 264803798
950049919 238951299
922763010 628641915
924410511 590179132
210242972 804190565
182722767 943934572
292310590 121232411
918838772 641519422
381487462 530166329
641156127 720174525
693286871 587122710
696724909 205007712
340019133 582299506
785960706 578083969
841790841 761103567
665235552 650264040
185211327 693498128
806729044 744128187
453494405 875390139
835928401 698626047
320732492 185883132
814622601 790590912
821306338 733367882
749298578 161737312
873240929 462409123
335807787 871804359
174174156 156942450
280625062 605048072
168903243 527916882
287443608 780466416
276254518 165771716
656762523 391256160
815799850 666700757
287738674 998324898
939188858 933946602
293262395 166731796
493169645 815450579
547713115 360247506
421956533 540417893
701432826 806378252
926725388 299665782
710562014 146278415
976980462 873315928
990329092 575346753
867132398 659819815
818418507 764518263
869245544 693419205
984686052 751314184
186547244 438043330
168210592 695296304
