100
693 862
56 242
782 132
641 435
176 490
999 758
427 960
207 229
869 652
769 408
910 971
703 843
916 336
75 239
916 185
358 381
274 836
114 375
603 810
364 160
762 430
165 961
764 281
19 55
344 263
363 868
381 668
362 180
664 207
752 847
147 350
798 750
45 559
872 253
988 417
296 833
490 35
412 446
502 280
293 950
796 573
468 623
786 689
465 298
193 115
168 971
229 146
857 696
254 977
557 899
242 458
49 120
751 784
531 220
285 706
972 499
710 580
677 611
25 75
227 854
872 324
890 310
878 266
975 334
823 433
146 879
933 257
351 965
632 142
685 567
58 720
955 561
606 54
468 257
90 688
250 445
474 519
651 291
938 757
703 856
956 693
394 867
758 524
639 99
961 412
300 33
479 695
362 264
297 82
407 235
661 785
481 946
763 981
35 381
584 643
318 326
810 407
455 900
743 326
307 728
