100
16
35004692 85487850 2703471 18736995
68338302 -62525511 -63797842 58099426
-44728800 27143199 -29977423 3863315
81324747 -81622593 27539191 55287483
-83369418 98363308 60789699 70106649
16009522 41359995 91454306 67667639
-55252149 -25767063 64317209 81660572
-46810984 -38040237 2827115 6388993
30366306 61676474 61548247 84626187
74854298 -7249187 52064894 75211646
43519201 42879283 11060470 56301356
27894031 -37961927 95132112 55357099
-97959227 61746090 88523805 47093963
-2588405 -84236501 37418695 68306525
89483590 -43518170 -2654966 36806846
13715436 -45624552 -39182168 16314483
5
9 -6 0 10
4 -6 8 3
-7 -2 -3 4
-3 -7 1 2
4 -3 -8 3
16
45489571 18276800 -52072347 45491326
-21608721 59956910 -5849814 12871576
-14833315 -80041057 67812957 17844697
96331620 -87509449 -41627770 21247370
55339411 74994097 21345562 81186008
-73417910 -79193684 83413384 53297051
-41779550 -18684977 78894566 82898893
99223876 53259940 -44749742 96780716
38893864 -70544436 68269357 47578611
89614919 -81280969 -28192535 15608518
-64122271 -21421919 34299354 62514687
65710273 -97929930 38438462 65522350
35704557 -14819416 -11750830 21348050
-80020187 -68926659 79777227 90216993
-7969762 -5825509 20372936 30510207
7188642 -93024892 11219958 42865769
16
22702565 -5621353 -4469192 63758878
-36412790 -37847908 1631950 6389782
-11969044 -25439462 -54228584 21381113
-60861607 -8983525 -50669151 72282967
-32622707 -2980479 -5308145 7526825
9777337 -71285701 -61152563 6411539
-15300865 -12801320 39845502 49345625
-46590438 70726736 98070994 35915546
-1256497 -60714863 -96126438 41720831
1434583 49247654 -43177262 9918401
4329826 -16329938 91373741 99416954
-31219244 48762577 80245636 90294433
30832983 78726330 -67043605 71001390
63170043 65238571 -85499120 28332899
28676383 -90767650 -74751952 57669605
-66125694 9602909 -66182648 80187325
16
-18 -30 -43 51
93 71 49 20
77 94 -74 73
-36 46 -31 78
-20 98 -86 25
29 74 16 37
65 -7 44 20
-18 -43 -95 48
26 24 55 90
-94 -13 -36 51
-52 38 84 18
80 -88 -43 59
38 5 -46 16
-54 56 -63 24
51 -73 98 78
34 94 10 66
1
1 1 1 2
3
1 1 1 1
2 2 2 1
4 4 4 1
16
88 23 -51 46
60 -66 -90 98
-82 -21 -58 68
80 -57 -16 46
6 90 80 91
-84 87 65 30
-8 79 89 35
-47 -53 -59 21
27 -66 66 32
99 -22 -46 32
-63 -13 3 63
44 -48 -53 23
65 42 20 27
-87 9 -43 74
-89 -4 -60 77
-63 -90 5 3
16
35 59 23 8
-76 11 -95 20
-83 -64 66 9
66 -94 52 86
65 -11 74 82
-49 -88 -64 71
-59 41 -18 1
37 -8 38 30
42 66 -12 14
-86 -94 -90 14
6 35 21 13
-40 -64 -65 81
-56 61 -46 11
58 -23 56 85
-46 -49 95 24
17 -87 50 35
16
98857577 93544535 -26637553 30572273
51266469 93960845 -86594915 22757030
96271917 -36893120 16384344 29870288
-95515380 36536250 70700914 68424894
25188624 64493440 97453752 87562899
-76607657 18135170 36135359 48381775
-22730274 -23655156 8781405 83894641
25165749 -13764927 -65993724 76284847
89210990 -44709739 -15563634 38445818
-65533738 26008715 53121314 27564579
89256673 -75946353 -50269157 83505491
-59050562 19916483 96204523 57413794
62198247 33698639 9840666 65808854
77920652 56771022 -69950825 90628491
-23072140 -18193069 45745285 29348466
-48530794 -65370307 11439772 44314022
16
13 63 99 21
-83 74 -88 31
-93 88 56 79
-26 7 84 28
-29 24 -77 72
28 -43 -21 38
61 -68 67 48
24 77 -13 4
-49 -30 19 26
48 -48 48 89
-21 78 2 42
69 -88 24 49
-38 -51 -44 71
-15 96 85 42
85 81 -2 94
-56 -34 -63 24
16
83 -61 49 67
79 39 -80 53
-69 70 87 62
24 -78 -29 2
40 -4 -60 66
-10 -31 10 3
-90 -6 -90 82
-30 94 33 82
63 -83 -26 32
-86 96 -90 43
0 44 52 54
-43 -34 71 80
-56 -13 25 28
-51 -58 44 91
-35 -32 90 83
42 -35 10 63
5
1 5 5 1
-5 0 -4 10
2 4 1 5
-7 -1 0 9
8 -1 -4 4
16
1 2 -4 2
4 9 -4 1
2 -3 7 6
-3 -6 -1 7
-6 -5 -9 10
6 3 5 6
9 -7 2 5
1 9 9 8
-2 -3 9 9
0 0 -4 8
-9 4 -9 6
-3 -9 -3 10
-4 9 0 8
-9 8 4 7
0 -5 -6 4
8 -8 9 7
16
45984170 -46806649 -31905538 84921452
37787311 -4067224 -29834044 75900812
-10098128 79647361 -42613058 49085555
11811781 -85868733 71688426 87920046
-9355081 -80934491 83109845 47687371
15015383 85125174 72378624 20382821
-54729020 -48799983 82143028 85655090
-77272439 34740643 79383275 48365304
-3588053 36285349 27011518 73315090
62637715 21002460 96592578 35488498
21487555 -55871317 9916415 46076429
44575796 -31731517 -65850889 63448808
-97750516 64330462 -22787854 66798057
-2315724 -92629498 77894744 95122891
74487322 -30611387 20112328 77224158
82545095 -75816937 -34338056 1485479
16
0 -1 0 4
8 -5 -5 5
-2 -9 -5 4
-3 7 7 10
-9 -3 6 3
8 8 -3 6
0 9 2 8
-9 0 -1 6
0 6 -1 2
9 -6 8 7
-1 -3 -9 7
-3 3 5 8
-8 2 1 1
-4 -4 7 4
6 -1 7 4
-8 1 1 7
16
3 -22 38 85
87 -29 -5 35
-28 -17 -39 55
91 90 85 96
73 9 -76 4
-67 39 -94 40
99 -73 3 97
94 -50 -6 4
-44 -50 63 46
-40 -49 69 14
-63 52 -87 94
42 -90 98 79
-4 34 57 70
20 15 92 72
61 36 70 39
9 31 -90 94
16
-1 3 9 2
0 8 1 7
-5 0 -6 2
4 4 3 2
4 -7 0 10
1 0 -4 6
-7 -3 -4 3
2 3 2 10
5 -2 -5 9
7 9 8 10
-5 6 -4 8
8 0 -9 2
-3 0 0 1
7 9 4 5
2 -5 -7 5
1 -3 -2 5
12
-80851299 93703274 268129 536155
-53609229 59515615 -80799418 51444786
37733093 90465740 80750745 90580937
-75939320 67916682 62589487 65195502
-18229560 77932561 -51964340 48067975
11343707 48604129 24599426 92470666
-64510082 -7272375 -73847510 91098019
17955180 -85924642 -15490811 57313973
-78080298 81620712 54799509 17858882
65875087 -25038094 28749929 60394208
12460593 -16221797 50568222 42570777
-83526970 37914481 11995486 58733576
16
-97 5 39 27
-84 -23 27 28
-19 64 81 5
87 -11 31 86
14 4 17 51
9 -28 -41 74
20 -52 93 90
74 94 -89 12
-20 49 -48 3
-17 52 -27 73
20 97 -62 33
-55 73 -9 45
98 7 90 10
90 -11 81 87
-9 -58 -37 23
52 -6 -25 42
16
-17686555 -96727050 61214065 4161952
-37985455 44838357 -72353825 84007342
-6441353 -81769451 86666875 72526411
-90491432 60299594 85465790 56409246
49477290 -71678100 -92654218 6053557
-6384635 10215508 -14345220 29938479
-39215398 -66462172 -47782712 98948393
86965939 -71474802 67067247 38240628
52533038 47166225 -69831621 69174175
15002191 75227730 66676138 65756917
81021358 48211746 48234571 70926212
48533635 69874604 41521572 65473299
-61105171 -56230277 86851137 68164891
9199110 -37339064 62006656 45588128
-28682794 -63861395 1088897 87489966
1839820 -58416177 -99718010 90905734
16
-3 -5 -4 9
-4 -8 -9 8
3 3 2 10
0 -5 -7 6
2 -1 3 7
0 6 -6 9
6 -5 -8 10
-3 -9 3 9
-2 3 0 5
5 -2 -9 1
6 8 -4 6
3 7 4 2
9 -9 -8 9
0 -2 8 2
-7 -3 -3 10
8 -7 5 10
4
-76612628 49351738 -24984598 82456354
-912588 -43024059 -8387100 69872401
58340443 54627157 72904614 338669
59940523 -79338188 70617804 84506793
16
-48151084 21026362 83784860 99131604
-65690779 4798678 -98830080 44407561
60106335 -52642344 44652118 55869627
13354601 -84494223 40899284 69104744
-42266797 -34566765 -44505500 19900730
-80806712 71548684 -32027788 8713999
83374221 5637910 43690408 49339128
-88342527 5208753 47295787 93278760
40711423 62383502 -99563107 78428806
-96584959 50845887 -31301882 81438221
15846023 42668570 51318660 95217153
-47525421 97072631 602790 42597781
414929 -35876539 34639889 29137278
-86719348 7566083 62851816 65728685
-46670051 99683256 84581180 14252671
88416192 -9469822 -2277745 76842266
16
2978554 -90544577 6164473 63837318
75249076 -88614300 28579353 30663198
99562216 79445169 7923535 46947152
67802173 96197510 13963235 71580275
44766393 -25183478 -4499086 84264075
63179912 617744 76409976 51750380
-4989330 82413576 -91385587 7788043
-99309122 -54735193 -66482353 53502375
32961940 -25082648 81290446 77989634
38305885 -62253707 -11027964 92431138
39954292 44181516 19047259 2011521
-10432846 -9799562 40996884 29369617
-59995590 82871990 86547599 75718569
-20354398 -53708201 34280355 65178785
45308319 -10126273 -41002264 82722587
-60049523 -84734106 -79422126 85257043
16
9 -4 -6 2
1 8 -5 10
8 9 6 9
5 0 -4 6
0 -3 -1 5
7 -7 1 8
-6 6 -7 4
3 3 4 2
-1 -7 0 3
-1 -9 2 1
3 -9 3 9
-3 3 7 8
2 0 -1 7
-1 0 -1 5
5 4 -8 10
-4 -9 7 6
16
-17 82 -18 70
-81 8 70 55
82 -81 -44 78
-96 -45 -87 5
4 -56 85 51
3 71 -9 48
-79 -53 43 42
-88 70 -41 82
80 37 -77 7
62 8 -8 55
-17 -53 92 63
88 55 -14 17
-7 -49 19 73
-48 -30 19 82
-27 -87 -80 99
-25 -60 96 94
16
0 -4 -2 6
2 6 1 3
4 8 8 7
8 2 1 9
-1 -4 -6 2
0 8 9 6
2 -7 -6 10
6 7 -2 10
3 9 1 3
-9 -5 -9 5
0 -9 0 3
-6 -3 -9 2
4 0 0 9
3 0 -3 3
4 -8 -7 9
-9 0 -4 4
16
8 3 -2 9
-3 9 -9 4
-6 6 -5 7
4 1 1 5
4 3 5 3
9 1 5 3
-6 -6 8 2
3 -7 8 10
9 6 -3 1
-8 -5 7 2
3 -6 1 7
9 8 -4 2
2 2 0 1
-3 -2 -9 3
-6 -4 7 4
0 -1 -6 4
16
-9 8 0 4
9 -6 -5 4
1 0 9 4
1 5 -2 2
9 2 4 3
-4 -7 -5 1
2 3 -2 4
1 8 -4 6
-9 6 1 9
5 2 -9 8
4 -8 0 4
-2 8 -1 9
7 3 -5 7
-7 6 5 5
-4 -4 5 3
-5 5 0 5
7
19009289 25910493 4049767 3336933
25169697 28315214 -4343498 23139974
-11405708 -13440251 20511187 7867487
5333464 -23377984 -20109033 15079125
-12322650 -4177773 21572611 13484290
-25622378 -2041624 28092923 16311577
-4000367 -24671951 8288594 3683609
8
60225694 -17374352 -84179243 17706701
-81302590 -66610561 -44696324 5116200
8958074 48329443 -38800919 71441770
-57817798 -20512576 24453706 25881394
62000223 -44701056 25901170 14218421
70837214 80525273 50001947 65617556
6854919 -70733755 50563856 8211427
50121575 -79653195 -8793133 14505660
16
11 24 -12 69
-33 46 0 11
-96 -35 -32 43
-93 19 -22 69
80 -22 -96 20
8 -39 97 66
50 75 85 36
70 -78 -15 24
89 -43 10 65
-58 -35 -83 13
-80 78 -11 81
96 16 74 34
-89 9 53 53
16 68 87 94
-70 -6 48 86
-59 -66 61 27
16
-98944637 22998109 -87119785 66899805
6679742 -37901194 -1851225 39487116
-39866697 20336365 62710979 6581994
-37462932 64251598 -17012212 5966269
83194861 86153592 -67623851 64433471
7259988 31333274 62107181 36305868
16474758 -75792982 65633 77400889
62776612 83982881 -82984025 8860875
-52512589 14827142 -11858037 70363301
79481889 -87313122 -83590337 53197961
-98213870 42020179 17804155 76062788
70386140 -53463675 -26208578 38435002
61708955 47295876 17835431 2445348
-29693469 25324999 40850654 53466292
-76957343 -59180603 -76714440 42376194
-47034948 70955332 37989159 3100194
16
-93755934 8895383 -313046 21015668
-87164184 89180557 -95795695 73080949
10318704 71185427 -99678209 6254708
-53283458 93744673 36448785 58013086
-88683148 48918818 55124522 42332893
-7953921 -63348560 -49011082 96514104
-44806778 22111403 -80716915 99159685
32911476 5414392 -33012675 93834565
-21977812 51847649 -89320602 45616396
-96961476 -87949287 -91585940 52549855
-40597023 -1580310 -45457464 93045636
78690731 -92205319 -50364902 50313494
35893929 44148057 5647747 68532703
-47484701 14149097 -17924603 49361576
62026895 54427782 67288605 88027720
-65262421 33589706 49204702 8071712
5
6980761 8557367 -20224240 25254533
1637868 -1056836 15606447 13774022
-3092095 32231859 28250361 2529461
20722226 23581979 -16740596 27771696
-12044734 -164248 -13657251 16029140
2
19818188 -17221569 -20933610 4306504
8791030 -4836891 -1051381 5058505
16
57 -22 -25 28
28 -72 44 98
-75 1 -62 84
-28 -77 -84 76
25 52 58 72
83 50 -2 46
-46 -94 52 13
-14 95 44 83
-80 -57 -7 92
-65 -15 -89 66
92 10 0 65
4 -28 -67 14
-63 47 32 2
-39 93 5 6
-94 70 70 30
-22 45 -93 98
16
-2 -3 -2 7
-6 0 -8 8
9 9 2 1
-4 -7 -7 6
6 -4 -3 9
7 -4 1 2
1 1 2 7
7 -8 -5 1
4 -7 -1 3
-4 2 -5 10
-9 1 3 2
8 -9 6 9
-4 9 6 2
7 -5 5 8
-2 -7 8 5
4 5 0 8
16
-72935362 14626659 -32084940 83437540
71148892 59156107 21223109 7712630
55503464 -72891413 65208632 91107099
-58727248 -73829684 -75777412 94291846
7715890 79548887 17198589 71131262
1799881 -54568800 -2160188 69484768
-23383297 -77197396 -60448135 84731249
-78173120 75838346 -80497378 8193493
8791142 2485337 66361986 2190990
-36076927 73322250 72916671 63341935
-27593211 85343053 73237876 82379622
-33686011 -67110869 -8317515 53792205
88814893 61985696 -5881772 66629421
-24760110 -68820409 -80264084 51230199
-53180755 67088484 -69198722 84266827
-42436598 19162799 37666655 93014446
16
-45074734 -95357715 -81563699 85746808
-28133579 -52636831 53384429 51011206
13059324 -63662415 -36313267 77417254
53016284 -98989541 17755932 6412266
68958395 -56142987 52902363 35713663
-86982414 73976822 -44311119 73298636
-50211900 -76826192 -39557221 95138667
-75870488 25072271 85037029 33841162
-2792961 -92769778 -1863033 90817191
7281748 79047205 -98470807 14412861
95298278 -87711496 93064838 61297757
32622059 8952774 -79174465 42412025
-64211494 28769538 13118478 91272166
14981511 -34605707 80930958 69043775
-79401765 83456634 98830972 25242928
-44412162 -39057035 -3313875 90559474
16
2174773 8388117 96685712 64994104
-60952895 86342152 -97022830 15640894
-76800057 -58374238 -26224128 9378205
46597064 -39888410 68866908 79200975
32603219 74583095 81110928 25173675
30312993 90167777 72299189 84755323
-69322019 52912568 99836941 35924600
-26061069 97819155 -76999137 78960194
-45866046 -10677519 9587103 65763610
-90698032 -43453635 31959629 64793266
56775171 2064939 -4491844 24735620
-4328785 13176570 46783571 55564341
-23782708 87040885 -29389567 53150724
-91493022 71430684 -8759902 8234784
93235884 -25544400 68702482 28624598
-73194326 -5876568 -1367513 12945671
10
1342704 -3326077 -650372 940213
4782898 5478721 -282169 9105812
2862203 -9707609 -16881 2883915
8225224 -1593296 6229777 313079
-3771990 -9649080 -6489910 7782383
6037585 -7619898 3502590 3583069
-3784759 -2976749 -3223053 8656025
3239934 -1827808 -5796115 4252254
-1211064 4565331 1740074 385619
-8229985 7065303 -6485349 4561096
16
40 -84 91 73
59 -26 44 73
69 -96 78 57
-9 -83 -73 2
5 -90 -86 47
-29 71 -99 6
-96 -30 13 62
-44 -69 42 41
-68 -41 74 72
-12 69 20 83
-20 88 96 34
62 46 -63 12
-58 51 71 52
97 -22 91 4
12 86 78 1
74 33 92 43
16
0 8 0 1
5 -4 -3 9
-5 8 -4 1
1 -2 -5 7
2 8 -8 9
-1 0 4 9
9 8 7 5
3 6 8 5
-6 0 -3 3
4 -2 -1 4
-5 1 9 1
7 6 2 8
-3 -3 -8 2
4 3 -4 8
6 0 0 1
9 2 -4 2
16
-49 44 73 61
98 -54 -8 77
42 21 59 6
-27 36 0 42
-17 33 -35 63
-8 22 68 92
-28 -67 -45 36
-57 92 28 29
-28 -21 -76 16
63 77 -28 31
-48 22 -28 100
26 -87 -97 20
26 47 -91 57
19 -71 -8 8
36 37 -28 14
-56 64 -35 66
2
1 1 1 1
100000000 100000000 100000000 1
16
-99 -67 78 80
1 92 -74 24
-71 75 91 80
-42 27 -33 85
-96 -16 -54 95
-33 73 -94 33
68 -7 66 94
-9 -72 -70 7
56 42 -98 52
52 -45 34 76
-28 7 56 40
-74 -32 -14 35
36 40 -45 45
43 -47 40 86
26 60 54 55
62 93 83 20
16
-56 53 71 45
-94 -95 81 53
73 -8 50 70
28 -69 68 92
60 86 -82 35
5 -78 53 43
34 -46 62 93
64 -61 24 1
-92 -43 -19 74
-53 60 25 10
78 3 64 73
78 -64 9 41
33 40 -97 32
-17 4 42 82
-19 -42 71 62
88 85 4 14
9
12308723 26130422 -28827716 24764246
-11720208 -22169367 25519409 8974256
-7245133 11496946 -24988250 22076913
-24564254 10676562 -30397572 13926661
-10343933 -6377922 705135 32126969
-14041465 -7558680 10828600 2803625
20856623 -30127639 -16375302 6354271
7522405 28431182 9215898 7406259
-24122084 -5841531 18005877 26135901
16
-4 8 0 10
-2 8 6 5
1 -2 7 6
-4 0 -8 8
-9 6 2 7
-4 7 4 1
1 4 -7 10
-4 6 -2 7
2 4 9 9
1 -6 1 2
7 2 2 7
-1 6 0 1
-5 -7 -9 10
-8 -9 3 5
6 -8 0 5
2 2 0 5
16
-60160647 -54244166 13016197 26284486
22856863 -44609690 16544502 96748258
-86495328 39893100 -73665833 79445338
-71927470 -61310154 8548282 80555975
19988054 -24869995 -41000861 55023949
-54017058 -33824785 -43473560 30167789
-12534414 79432398 74041045 66146267
-47706878 45591604 92219018 92608966
767300 73164939 3098529 5936760
96615742 -60960708 -54271471 32539427
-50261383 15223567 -10584212 66858245
-84625257 -85520863 -1458538 56999189
-46193908 2124505 -29145502 20232915
-84760383 -26169673 -13055235 37041631
-19843059 69581057 12684900 37932945
-23269112 57307541 3507460 45259210
16
11 33 92 88
96 -51 -90 84
51 29 -24 27
31 23 40 52
-33 10 -5 32
98 18 -74 46
65 29 83 33
-59 -59 9 22
2 -72 19 33
24 63 -2 22
76 -66 -83 62
66 -94 -33 21
-95 -41 -9 85
28 16 -30 80
84 52 71 7
6 67 -72 2
16
-15 -66 56 23
-2 -32 12 59
20 42 87 24
34 -46 93 13
95 98 -15 35
-71 56 0 36
64 45 -78 4
-17 26 -12 8
-57 20 49 15
-64 0 80 10
-33 -96 -45 35
-24 -37 -16 94
80 -53 -51 94
0 60 79 53
-11 13 14 95
-59 -28 -88 78
12
-3021218 -2556734 -4238218 3726720
-3731364 3769484 -1532447 2939039
2691631 1988496 -1668966 3389129
2034583 -3497010 -1489402 4404712
3039206 4280226 243828 3997106
-4482046 -848326 2147961 3183312
-1561817 -4003758 2786051 4510084
-4455017 1023713 2252538 2763991
1623349 2411794 4352182 1728892
4596010 3607405 -3539779 3540471
-930833 -4605191 493559 4627508
3279610 -4380683 -895104 473233
16
57 74 -9 2
-18 38 85 4
67 -34 2 64
25 -69 -22 8
46 61 -21 9
30 -62 35 48
20 -50 44 91
47 54 -31 9
53 67 67 57
-88 16 66 68
1 67 -89 14
33 56 80 10
-11 -17 50 70
-17 -77 -28 76
94 43 10 23
-51 -87 -37 22
16
-34 -37 -75 8
-65 -16 67 16
1 1 -49 92
86 65 -26 51
-3 -43 -2 75
29 -34 31 55
51 69 30 15
-31 57 -55 61
33 10 49 27
-51 -52 65 81
-96 -34 71 4
54 -17 -16 56
23 -16 96 46
46 -71 71 83
36 -62 -99 37
-23 -40 -35 15
16
6 5 2 4
-8 -6 9 3
6 0 -7 3
-7 -6 -3 4
-3 -2 6 7
8 9 -5 8
-4 9 -7 4
6 5 -9 8
2 -1 -9 2
-5 -7 6 6
-1 2 7 1
-6 -3 4 8
-3 4 -3 6
-5 6 -2 9
-8 3 7 1
6 2 5 6
3
1 1 1 2
2 3 4 1
5 6 7 1
16
90 21 47 47
-37 -45 -10 8
-92 -43 -34 41
29 -64 83 17
74 -25 12 10
11 8 -74 62
-84 -20 -14 79
48 -70 -34 94
-18 61 -99 14
-63 75 -12 23
38 35 61 4
-76 81 20 59
-6 51 30 74
-29 86 -37 19
1 -40 -37 66
-98 69 11 4
16
95 36 45 76
-65 -23 -97 16
53 -43 -50 74
-76 -29 54 76
92 32 52 17
98 -44 -43 19
40 -33 25 38
-27 -62 -60 99
-67 -25 -57 100
-62 68 6 28
-49 45 69 36
46 -24 33 82
45 31 -25 25
35 -23 -92 10
-98 -36 -86 90
-56 25 -73 81
5
0 -5 -3 3
-9 5 -8 1
-2 0 -5 5
-4 2 -4 8
4 4 -8 2
16
0 3 0 9
-8 -3 1 9
7 4 -4 4
-5 9 0 7
7 3 9 1
-2 8 -4 6
-5 5 2 1
-6 -4 -4 4
-6 0 -9 5
-1 -4 8 8
2 -3 5 3
9 -2 4 9
0 -4 0 4
-2 -7 -2 1
-1 -9 5 6
-3 7 -5 3
16
-48082356 54699736 -84339840 20381512
26329968 -15886150 -38027553 49769196
3656537 97133344 36374640 28758088
19229996 -24896561 -32412442 91685766
-3681174 44078092 62798130 70992126
47137971 -91373636 -64894014 74722229
55437919 -24491423 -60406374 69093248
-49297367 -50367686 -8848824 91754370
-41261266 83440134 -16471360 54255028
-79269491 25247152 27658713 4908106
-45069079 -32146686 -6193915 64634161
-19116642 -86243759 24691748 36941373
-33540572 28695741 16568250 24776984
-85555963 79032010 70982862 96265621
98641576 -53690077 -7362286 49250359
-66072553 -13884518 78286806 53603205
5
5 -1 0 5
2 8 -4 5
-4 4 -3 4
9 1 0 4
-3 -4 -2 7
5
-4 0 3 9
-8 2 8 9
-4 -2 -9 1
0 -3 0 5
-4 1 -4 7
16
6 4 -1 2
-1 -9 -9 10
4 3 -8 4
6 -3 -9 8
-6 0 -5 5
6 5 -7 10
8 8 7 3
-5 -6 0 2
-1 -8 -4 10
1 3 -6 1
5 -9 -8 8
-5 -9 -3 5
-5 7 4 5
-8 -5 -9 10
7 1 2 8
0 4 -7 10
16
-30 71 -49 100
50 -22 89 25
-65 71 28 50
-50 -87 -58 11
9 -97 97 84
46 35 -30 85
-72 -8 -81 6
-9 -54 -11 19
69 80 -58 22
56 4 -36 4
18 87 -50 80
31 84 32 4
43 22 24 95
83 -15 -34 46
-70 0 -15 32
65 10 -65 41
16
-1 -6 -5 10
-5 -1 1 5
0 7 -1 3
0 -7 3 3
9 8 9 9
-6 -9 -7 5
-8 9 4 1
-5 4 0 2
3 3 -4 8
5 -7 9 5
-8 9 2 9
7 1 -1 3
-1 3 -3 1
7 9 6 4
-6 9 0 4
5 3 6 7
16
-4965998 54774749 -69504152 50637467
51166006 -23386732 -15578487 69818868
-81150075 6860497 81184422 76130281
46385674 66579577 98255823 82581861
1763283 -80357422 -98205449 62921892
20225953 66075709 -81769182 59834702
-49864022 -82169920 38287394 37039936
19471816 13170215 36783559 88028629
87555734 23126841 -75385136 1081004
26106937 -16519247 35680565 70241204
69966099 -30075904 -21141653 3360571
-11945399 -40400505 -76813623 2307410
-13597182 -42852389 41990128 95504640
-69891616 49101994 -13112632 47364150
1309549 17605352 30339004 43622123
-3997009 46982692 71268732 52392328
16
34314280 71671580 7769991 65631747
-48810148 -12725708 -50367990 28841258
-40303037 -97147781 -38608175 67822123
-41263142 57145319 92172613 96588047
-83871133 65418880 -50977699 55491627
-11264042 -73639724 89930126 11472745
92814468 40314001 -81840947 15420486
72965475 -35758960 -62740195 21723548
-7429160 70827945 39579559 62002061
-43073610 -70010038 6427178 66928197
96357305 -30917292 23408244 74805632
-57765544 -90226117 -96886219 97475989
59626415 -19199535 -72112564 10872222
-64208475 -25390633 -57160650 61619739
-16104180 -81064286 -79131036 6665964
-55055632 81471594 -1971358 96068548
5
4 4 -8 9
-1 -2 9 8
-4 5 -2 5
-2 -2 -7 2
-4 0 1 4
16
-94 27 -70 79
26 58 40 37
11 -70 7 9
-12 50 20 35
63 72 -95 67
65 44 22 59
63 94 68 42
75 49 -58 19
30 -4 66 4
-14 -70 81 76
-4 -33 93 94
62 -34 -1 30
-11 -99 11 87
29 -90 12 76
93 -50 51 17
97 -9 -64 1
5
-2 -4 1 6
-7 -6 5 8
6 -1 4 8
-4 5 5 6
-2 8 9 4
16
-62 -9 90 9
10 32 79 22
51 54 22 28
-54 -25 38 45
34 37 51 70
94 78 4 15
-36 -88 29 18
3 97 23 90
14 34 -18 50
22 18 82 73
-39 -38 88 67
-17 -83 57 32
-81 -20 67 48
38 96 -56 29
-38 -52 74 57
-14 22 38 6
6
3766719 -7300790 -309505 6285063
451386 2487786 3958463 4837081
6163961 1523065 -264739 1797029
-1870133 -1963127 1413453 1286521
-6863283 -5654272 2840559 2952945
-3795886 -2476485 3042791 6890763
11
47539720 -51822597 -60583725 37893543
-9138310 -73317070 49613158 37102215
48640958 -8851264 -24705024 20518579
44072670 -38220595 3700962 57812392
-61098962 -61263895 62301901 19318756
48101346 -3688517 -31638840 67731869
-27728219 -30049801 -32695822 4820333
3877066 46599412 -44588203 16317107
-69549666 74129498 -55636716 36194970
-43154336 -1989945 -40777932 41447780
-18892993 -34395366 11497996 69466610
5
8 4 5 3
6 3 -3 8
3 -7 -9 9
9 3 7 3
-4 9 -3 3
13
4961944 -19940778 -5311228 21690970
-24624470 6185453 13140873 16589310
-25336944 3465687 -13697686 12532813
11136641 28355484 17828545 15187571
12110488 -4001519 -12340588 569489
-3726318 -8334960 -11107538 4847306
-10322913 -7511116 -12403002 3370629
12175190 1977942 14969361 16079273
18872408 2819400 -16593005 5682390
-15008095 20773822 3955760 4712264
-1137800 -24081512 5189208 18673129
-3666712 -8118258 -1656968 25228238
-2700831 -12860067 -14493630 24108694
16
188945 -64934285 23683913 4310736
-98988120 23625144 10297971 18773637
88192715 -13896526 -7195248 16203972
-79823928 -93428128 -79693677 42006268
14031733 96008097 -60879544 69709196
-84563458 74019931 -30153098 37371775
-92967421 56145410 48819021 48872879
-56014269 -65076849 -50573170 50723573
30266847 45246191 -62092619 63551963
22972163 -33261158 -49952859 96119904
32622309 -86008030 71342233 59266220
-20161254 -8139097 31777930 64530073
-34867453 67769996 69536374 61949234
-31628993 25501195 -8983501 67169483
58936360 -63289385 -76002310 17148401
99860895 -76414620 -61195289 1230377
16
-2880535 -71956397 -10873605 96938171
-98029846 -26075447 63885048 20569856
26736865 38814891 -35441802 88439343
-20022982 2692012 76540983 96897141
-78818729 26255757 -32560828 90027434
95950785 39481955 -69687127 78729828
-33572175 51816034 -6350546 38748661
41792348 27188002 67528101 22770857
44069084 -72184348 18295191 57103431
-50856019 -99647215 -7730057 93303790
77417184 -72033616 66467267 76331105
-25334165 -67596116 -53675055 81458196
-21203156 56745404 76771390 88160055
95066581 -97779836 -34087527 97762111
41817584 91065899 -51308204 35256833
-70291824 -64104288 11495148 62752504
16
7 1 1 5
-4 -5 8 6
-6 0 -2 2
4 -6 -6 4
5 0 0 4
-1 -9 3 1
-3 -7 -6 7
0 7 0 5
9 7 -2 9
4 -3 -2 5
-5 4 -2 10
0 7 5 6
-7 1 8 3
2 -3 6 5
-8 -9 -1 6
-3 5 5 7
5
-2 0 -2 2
0 8 2 3
8 1 0 9
7 -3 -4 6
5 -9 -1 9
16
-16714089 41535195 -10128361 45160941
-80480145 122639 -81672307 24381677
-22522961 30364319 -74402984 74651518
3633776 69544062 62276003 68089814
265162 -71190006 -36849375 47918648
46977737 45595939 -15092122 90147849
96764429 67045876 -66801035 18767695
93720371 -45935563 -30217176 48022873
-92493179 -16112685 -30962830 14770297
-67812205 15205295 -59133221 94764177
26741695 84912024 82718736 95309867
2036123 66593912 -41355918 93110642
71573095 93649865 94053528 14373673
25016358 -29143968 7158543 60134859
-18808116 7415386 -64186665 21572289
-99421753 16882155 -51202463 49730723
16
1 2 1 2
4 4 -9 4
2 -5 3 3
-1 7 6 1
1 -2 -8 8
-9 0 2 4
-3 -6 -5 3
0 -5 1 10
-7 0 1 4
-9 2 1 9
5 1 7 7
-2 0 -3 7
4 -6 5 5
6 -9 0 8
3 7 -7 1
-4 -8 -4 3
16
-6 4 -5 6
9 1 8 6
-1 9 -9 5
0 5 -4 2
-3 8 -2 1
0 -6 -4 2
-4 -9 1 2
0 7 -9 7
3 -9 1 8
-6 7 -3 10
-7 0 -8 10
1 1 0 7
-9 5 5 10
9 -8 5 4
-8 4 6 5
7 3 0 3
16
22 47 -60 74
-49 -90 50 7
-18 -98 55 50
-70 10 -52 16
-95 -1 8 91
-20 -63 -56 28
-6 -33 31 75
86 75 7 83
-59 97 79 29
87 -18 -81 29
89 7 -60 78
-91 -51 -3 90
-10 -72 -56 29
35 8 70 82
-52 -62 -53 42
13 18 91 38
16
1 -2 7 8
-2 -4 5 5
0 0 0 1
6 -2 -8 2
0 7 9 4
8 0 3 3
-8 -6 8 1
0 0 1 3
-1 5 -9 7
0 1 -7 2
0 -3 -7 5
-7 -4 0 9
4 -2 -5 2
6 -9 7 10
6 -2 -4 1
3 4 6 2
16
-5 23 37 13
-36 79 -69 91
84 -13 -69 43
-19 -72 61 20
-23 37 18 73
-56 37 54 35
75 -24 -64 47
33 41 -79 10
-92 -29 32 45
51 -68 -23 52
30 -37 -82 18
46 63 79 37
-10 -46 -1 23
-33 18 -75 96
51 -98 -22 39
4 -55 -99 36
16
28 -37 -15 77
-58 -22 60 74
-42 17 2 71
-60 -21 -92 40
6 -21 -78 81
46 8 69 53
29 -25 1 66
-3 35 -14 20
6 -10 -14 1
45 -32 7 48
76 99 36 30
-89 -95 80 62
-94 32 89 18
-4 -17 -68 93
-75 -39 -63 10
-51 -39 42 87
4
1 1 1 1
2 2 2 1
4 4 4 1
5 5 5 1
16
-85 -36 95 70
-86 -25 -29 93
37 99 -98 63
26 -27 1 66
-89 83 -26 38
-73 -58 60 70
-41 -61 -83 10
81 71 -50 44
-4 -60 -86 20
-65 56 74 3
87 71 87 12
-70 20 47 13
-50 7 -38 100
-76 -18 30 85
4 -86 -95 73
-82 -35 91 58
16
8 9 -6 1
-3 -1 -3 3
-1 -2 7 7
1 6 2 7
8 -8 -8 2
-4 -1 -4 4
9 5 -1 1
9 8 0 8
-2 -3 -2 3
0 -5 -8 9
4 -1 -2 7
3 6 4 8
-6 -4 -3 5
-5 -8 0 5
0 3 8 2
0 7 -2 1
3
-36514358 -22965074 29849912 29681100
24997343 23217535 -710863 16262665
22889334 2673174 23357235 9953084
11
6414267 -12188276 -9547279 4580491
-3140898 -15226577 2244802 5840157
-2515600 4774992 -18707161 3348767
11527132 -18639140 -13073877 16508416
-11814523 -13991254 -9941500 14886667
14739681 -14718058 12059486 17564068
14304288 -18655126 16008714 8163623
10487373 11512388 8199565 2416819
-1794038 18925233 14431186 7608849
-4893281 -17746416 -13903649 13285040
-1734632 -6620603 -476790 8630306
16
-88 23 48 18
-44 40 98 77
84 -69 73 81
75 -73 -71 9
87 -83 79 6
79 74 91 89
90 16 -87 96
-60 -27 53 19
25 78 98 40
30 -44 53 38
-44 77 -39 61
26 8 -70 74
23 43 52 13
2 3 -8 47
13 35 -55 97
94 -57 -41 60
2
1 1 1 1
100000000 100000000 100000000 100000000
5
0 3 7 6
6 -9 1 5
-4 -7 -3 9
-6 9 9 9
7 0 7 7
16
81 -94 -55 10
-32 -88 90 26
87 15 -93 14
-83 -95 -57 16
-67 29 -7 91
15 -99 -85 84
-28 -8 -41 42
86 -54 1 99
-10 13 -90 79
49 68 -49 65
86 99 -95 82
88 22 -8 96
-61 -94 -16 2
6 -80 73 25
74 88 -78 28
26 8 -80 90
16
58 -13 18 21
-43 44 -68 28
-60 36 18 10
-5 -99 72 68
-97 -47 17 12
-35 -31 -58 62
26 89 -9 49
28 -10 -59 99
-84 -65 -18 90
-36 0 -34 3
93 -16 -8 11
70 10 36 36
-96 85 22 14
-41 -2 45 1
-31 55 -51 49
60 10 62 81
