1000
18 66 28
98 29 77
29 25 59
100 89 79
91 59 33
88 17 98
57 41 42
85 73 70
90 37 82
100 76 79
98 13 29
37 43 86
99 60 89
23 79 47
73 93 3
34 10 100
79 26 26
29 94 95
53 76 77
42 33 100
30 65 81
20 73 83
81 14 29
54 31 99
99 13 4
74 86 67
47 32 85
32 67 10
100 28 10
87 93 35
24 64 84
94 6 97
38 87 35
82 93 96
67 68 52
100 1 1
27 56 28
0 53 42
15 74 4
4 86 31
58 58 81
28 75 45
3 22 39
20 71 63
36 86 34
34 92 69
12 25 45
75 76 37
47 66 45
100 6 31
13 68 39
57 76 73
74 86 76
33 56 65
93 6 84
59 89 41
42 12 84
28 89 30
98 85 38
71 52 15
11 78 3
49 22 17
100 6 94
28 62 38
37 92 57
28 13 37
59 78 24
1 52 5
36 61 83
13 82 4
32 71 93
46 18 82
66 26 38
84 70 75
54 93 10
94 62 11
4 78 15
33 20 79
25 17 18
33 17 14
31 11 66
98 41 60
41 5 75
30 86 56
71 86 34
67 89 59
77 28 9
91 65 22
25 69 7
95 29 87
95 21 59
85 16 71
12 55 55
61 6 25
37 87 64
77 89 75
22 14 70
57 98 14
22 28 37
100 66 13
80 80 99
19 8 1
71 76 48
67 77 35
42 58 87
55 48 15
68 23 60
6 56 93
46 60 87
25 68 86
55 55 17
0 20 25
48 77 79
87 57 12
80 60 28
67 73 45
26 54 1
84 71 12
63 38 11
59 82 94
22 95 30
50 82 26
11 97 8
82 42 37
41 9 44
79 87 63
75 18 15
30 74 67
33 61 4
41 87 80
96 97 9
63 18 95
81 53 85
74 3 72
11 73 54
43 24 79
17 2 33
93 62 88
26 63 84
44 5 97
96 23 25
7 68 97
38 68 94
30 44 90
28 43 83
97 40 45
3 40 45
72 84 72
100 84 72
25 12 74
86 15 32
36 64 15
7 34 65
87 66 72
34 59 57
68 31 60
52 27 3
96 23 79
62 67 78
53 22 1
98 69 74
22 34 52
95 59 36
96 55 72
55 94 1
14 63 94
0 20 21
25 2 9
13 46 10
0 55 55
99 62 71
94 29 22
35 64 17
68 47 78
74 24 4
85 2 99
27 5 38
2 77 57
99 92 73
11 45 47
91 86 25
31 10 68
31 11 98
6 33 77
91 5 25
77 21 90
43 30 26
30 61 23
14 89 2
63 39 40
5 100 52
44 62 13
50 22 62
97 76 47
63 74 95
53 48 96
7 52 70
86 33 83
78 28 94
5 47 9
8 34 45
97 69 86
41 35 64
97 81 53
19 13 36
19 77 96
76 58 19
96 46 59
77 97 48
17 32 44
29 16 45
55 82 21
73 67 79
32 81 7
17 17 24
67 94 53
84 79 77
10 33 21
85 67 94
4 1 83
81 45 30
38 8 35
16 86 46
81 64 70
61 89 91
81 8 37
0 44 99
97 14 17
84 24 17
0 34 29
69 11 77
67 23 25
21 80 63
52 44 12
32 46 61
87 28 17
22 89 58
49 35 2
16 54 82
22 54 16
69 3 81
55 47 53
40 5 31
18 95 60
16 5 23
13 28 46
28 37 95
84 40 70
46 38 10
51 61 55
30 5 25
48 55 54
66 96 69
53 85 73
8 78 93
67 43 16
33 69 55
49 48 55
2 59 23
12 39 71
24 26 19
69 96 3
38 6 39
57 59 38
75 18 61
28 74 83
37 33 85
84 18 41
48 46 58
31 15 100
35 87 31
14 10 10
6 74 68
41 62 75
74 83 52
68 88 23
12 33 57
13 94 70
36 32 85
97 7 12
54 72 3
32 60 75
8 92 17
78 71 68
38 10 22
96 67 6
73 7 6
74 73 98
79 6 20
55 36 81
12 83 57
39 43 22
43 48 99
84 63 23
37 2 41
42 35 78
93 91 57
96 95 29
75 52 73
78 3 72
10 32 14
17 37 79
8 7 32
6 68 91
12 24 3
52 58 41
73 41 26
91 10 23
73 60 73
50 27 13
32 10 75
21 60 67
98 83 39
30 57 67
35 16 42
61 18 70
21 52 78
29 75 87
72 98 89
60 100 78
67 5 11
93 73 87
5 77 3
29 72 80
90 14 81
7 56 41
9 76 39
82 24 95
33 36 11
64 96 55
8 90 85
1 13 64
8 3 76
60 83 20
100 74 54
91 9 77
93 24 72
32 96 39
24 24 77
55 77 36
6 90 18
57 87 8
98 42 24
19 59 93
72 15 93
30 83 16
49 78 52
56 87 92
68 88 5
22 88 73
57 85 91
1 69 27
7 52 33
100 70 91
49 47 74
53 90 67
75 56 53
42 8 52
39 81 80
77 65 16
21 88 44
20 56 69
82 65 54
75 79 54
1 73 59
83 83 38
19 90 69
7 55 65
53 89 74
75 69 6
96 46 9
62 87 92
5 97 10
90 78 19
66 68 37
52 33 14
11 30 40
51 26 61
57 38 52
87 37 39
86 89 75
1 81 66
2 42 20
76 78 55
13 42 34
82 47 30
16 48 34
81 16 88
98 80 87
25 93 2
80 22 42
91 54 60
55 37 9
19 15 33
79 100 64
70 91 100
54 12 86
15 100 82
12 9 17
8 20 80
47 88 38
84 90 1
75 2 67
84 95 42
92 7 98
16 53 10
88 7 40
47 88 70
20 28 98
87 47 83
34 29 37
26 20 90
55 99 81
23 36 86
46 83 61
100 84 31
2 1 3
70 70 72
82 35 76
52 56 84
18 56 55
45 3 87
85 73 67
60 24 94
67 88 33
76 87 22
99 70 86
17 42 4
13 63 44
14 19 22
31 57 62
42 13 34
97 18 34
35 43 32
67 58 20
80 46 30
30 25 5
94 20 21
42 91 58
20 2 14
5 98 52
5 66 37
76 21 60
34 67 6
23 1 19
79 29 41
91 41 56
52 36 12
65 77 76
53 92 12
57 52 31
3 82 67
95 53 33
8 2 87
30 9 85
81 4 75
100 87 47
26 26 94
18 22 25
100 37 76
67 45 63
26 91 40
17 36 76
16 86 48
66 69 9
30 64 56
6 37 12
58 27 76
14 58 26
48 38 28
50 45 96
79 8 72
6 23 99
42 93 63
84 69 3
7 78 53
41 20 71
19 54 59
56 43 8
65 70 12
71 59 9
48 86 21
78 28 15
69 91 72
59 75 32
66 43 12
99 99 99
39 85 37
1 74 53
90 22 23
39 5 38
85 86 56
28 2 36
70 57 74
52 71 59
0 54 4
96 28 17
44 52 32
0 68 90
76 41 73
14 33 90
74 32 14
46 26 68
79 20 6
72 45 65
48 62 3
74 35 91
10 36 76
6 36 66
30 94 18
57 71 100
43 72 63
35 9 73
85 13 84
17 46 54
87 78 17
69 44 38
41 85 37
3 31 48
42 73 40
65 42 19
5 92 68
2 100 54
94 73 33
76 9 32
71 87 7
0 42 24
85 70 9
99 77 4
19 53 6
54 53 91
91 47 20
96 31 25
36 42 44
39 68 89
56 65 95
59 98 12
67 10 77
44 19 7
35 45 55
66 98 21
82 55 91
81 3 94
97 10 91
29 11 42
93 62 100
76 82 99
23 68 11
99 41 62
87 5 14
98 6 75
28 100 1
72 82 11
19 61 77
14 81 78
90 47 68
88 64 68
93 54 6
38 86 11
1 94 5
92 55 47
59 83 100
73 32 97
47 39 84
67 53 15
40 67 34
88 27 3
13 99 9
25 63 58
10 22 75
100 61 33
19 95 1
59 96 91
48 21 33
45 54 78
29 81 85
97 44 64
22 41 17
23 74 80
37 17 62
32 98 7
17 53 33
79 37 2
24 66 29
75 93 5
15 12 1
33 84 61
56 44 57
80 53 38
99 58 92
7 13 7
90 77 46
88 5 55
58 91 89
10 33 56
100 90 10
47 2 34
8 100 13
51 32 31
53 66 72
21 6 39
91 2 12
19 71 93
79 6 30
38 3 52
14 59 83
65 39 45
16 88 96
49 42 78
84 48 1
97 70 4
62 24 38
90 63 36
51 76 26
90 69 64
82 89 7
85 68 41
29 23 13
27 81 7
93 21 57
70 93 6
51 46 69
71 28 11
50 65 61
13 69 20
94 30 67
47 71 80
2 96 76
89 86 90
38 31 43
71 28 4
98 57 37
93 81 97
31 9 97
82 94 57
16 79 40
10 38 38
77 75 53
92 100 81
97 48 53
39 68 98
97 58 73
81 58 33
41 48 10
23 58 58
93 79 38
32 74 85
39 62 100
11 10 80
68 55 29
45 58 33
81 38 43
66 92 12
91 25 16
14 36 81
12 85 59
2 48 25
1 42 57
75 28 25
89 80 48
19 32 19
7 13 96
49 11 58
66 17 16
37 62 67
94 54 91
61 38 36
74 29 63
15 27 85
16 15 64
75 96 31
67 67 62
98 38 32
47 25 9
46 65 73
6 54 76
10 33 33
73 29 39
19 7 99
100 91 42
88 58 41
61 11 97
58 20 9
97 24 78
53 28 74
91 2 82
57 48 78
95 85 18
38 42 11
50 91 58
60 4 61
34 14 7
4 64 27
99 3 95
36 12 28
84 98 25
25 23 43
82 2 69
30 15 68
95 24 55
66 25 14
83 56 97
0 30 70
22 75 38
80 66 44
33 39 73
55 98 32
31 9 89
83 88 33
45 62 57
28 12 87
27 23 72
25 60 20
100 47 93
39 62 18
9 100 8
78 84 95
34 44 91
77 18 99
13 62 69
85 96 27
33 70 76
20 24 95
15 72 4
2 94 46
38 20 36
90 58 66
23 21 97
7 95 21
21 26 87
41 88 72
2 57 53
13 15 75
50 42 68
86 54 55
80 65 25
13 9 38
21 63 84
63 90 6
37 13 100
39 94 64
30 5 55
66 30 100
1 23 28
36 17 39
76 45 72
20 39 43
45 39 5
39 12 84
87 21 91
15 28 37
55 93 15
19 67 40
92 33 47
16 66 96
53 70 66
7 21 17
61 88 67
53 46 81
24 60 67
85 55 91
69 96 28
22 42 25
28 95 81
69 26 21
70 29 55
2 98 62
62 46 1
81 30 41
41 98 74
63 53 74
11 72 92
70 87 37
59 30 95
52 71 98
20 98 70
3 8 88
43 99 74
100 66 7
1 45 6
52 72 19
46 69 58
26 4 85
44 31 91
53 5 47
89 8 11
23 65 87
20 46 23
13 35 36
91 63 31
61 65 100
89 48 39
49 37 81
2 36 39
27 63 72
39 72 57
59 60 85
4 38 5
62 17 11
98 22 42
20 11 46
37 73 10
95 11 94
94 29 61
44 52 32
97 40 88
48 100 27
46 60 37
47 27 8
87 15 84
51 57 31
78 22 46
20 94 40
88 17 100
14 65 87
57 75 18
73 91 41
54 47 14
59 19 85
99 10 38
79 31 94
60 86 100
35 71 80
59 46 2
17 52 13
85 7 21
75 31 59
10 87 38
37 54 52
44 4 23
88 40 84
9 72 95
86 41 9
84 90 42
79 69 11
18 57 73
49 86 5
79 48 79
68 45 5
15 14 85
67 12 75
58 36 22
75 23 60
82 86 16
73 5 80
100 91 18
4 45 66
82 79 96
40 58 61
8 88 1
94 24 53
11 83 30
54 86 32
37 29 63
36 98 30
84 79 48
82 56 91
7 83 47
72 9 77
36 93 63
94 7 87
20 46 63
55 82 52
48 48 69
58 86 97
55 94 27
43 47 33
10 28 72
48 100 7
94 75 65
24 84 57
11 92 53
15 48 19
87 63 13
15 40 98
95 62 96
46 13 25
86 25 64
38 91 22
97 87 65
93 92 92
25 74 22
67 60 11
64 70 73
2 20 12
12 98 95
67 60 99
64 20 30
2 32 95
57 26 71
35 8 16
12 100 82
27 97 67
85 93 63
34 21 80
64 82 82
52 69 42
98 100 65
7 33 36
58 99 46
3 38 18
38 36 53
91 88 3
88 93 40
57 27 68
37 87 8
96 80 66
79 4 33
63 73 6
5 42 25
51 22 21
45 38 11
73 100 14
13 55 55
88 98 54
23 7 57
7 38 80
44 7 12
90 93 62
43 58 83
16 46 80
16 10 4
4 47 1
29 71 99
39 5 87
12 72 83
12 72 15
34 98 65
76 86 17
67 54 42
81 79 13
76 84 67
28 88 81
44 35 57
46 71 15
68 13 87
35 73 75
24 57 38
95 23 15
94 13 95
48 39 20
68 76 65
38 15 17
83 81 21
16 12 2
61 55 7
54 6 54
97 61 94
29 35 24
10 9 17
13 45 52
80 25 64
90 16 86
28 16 5
69 62 92
13 62 100
31 80 31
98 39 27
20 62 88
29 36 86
46 100 80
23 60 91
16 74 2
8 87 8
78 53 78
90 76 61
39 62 19
87 20 40
8 61 41
27 39 58
35 55 45
57 76 70
83 15 78
44 88 41
6 10 20
56 82 23
64 85 30
13 47 81
55 32 37
20 56 46
47 85 3
94 30 5
8 64 34
57 28 81
23 5 33
52 27 39
88 56 9
2 93 86
84 58 56
47 1 94
67 7 97
83 27 46
50 96 59
97 16 13
70 16 5
34 99 40
53 52 65
27 65 77
59 43 87
3 66 73
